 <pre>

 Contingency table for Rh2m (%)
 Selection: ALL    190 stations
Period: 20200629-20200705
Used {00,06,12,18} + 00 01 ... 36
 Limits    30.0000000       50.0000000       65.0000000       75.0000000       85.0000000       95.0000000       100.000000    
 Each class is data <= limit, the very last > last limit
 Total number of values      173165
                                              OBSERVATION
                                    164      273        6        0        1        0        0        0 |       444
                                    619     8431     2884      467      312      172       20        0 |     12905
                                     51     5195    11856     6364     2287      942      211        0 |     26906
                          aa11        3      888     5777     9897     7110     2817      572        0 |     27064
                                     12      353     2983     7369    11637     7329     2037        0 |     31720
                                      0      102      899     3419     9433    18807     8677        0 |     41337
                                      0        6       85      438     1821    10536    19374        0 |     32260
                                      0        0        0        0        3       84      442        0 |       529

                    SUM             849    15248    24490    27954    32604    40687    31333        0 |    173165
                                              OBSERVATION
                                    174      268        5        0        1        0        0        0 |       448
                                    608     8502     2896      465      314      174       20        0 |     12979
                                     53     5112    11784     6366     2299      952      209        0 |     26775
                          aa21        2      901     5860     9867     7109     2804      574        0 |     27117
                                     12      356     2960     7405    11666     7351     2070        0 |     31820
                                      0       99      883     3404     9372    18815     8683        0 |     41256
                                      0       10      102      447     1839    10505    19331        0 |     32234
                                      0        0        0        0        4       86      446        0 |       536

                    SUM             849    15248    24490    27954    32604    40687    31333        0 |    173165
                                              OBSERVATION
                                    164      271        6        0        1        0        0        0 |       442
                                    617     8461     2897      464      318      181       20        0 |     12958
                                     55     5163    11817     6404     2271      930      212        0 |     26852
                          aa31        1      890     5838     9826     7129     2821      572        0 |     27077
                                     12      358     2957     7408    11660     7396     2067        0 |     31858
                                      0       99      873     3408     9443    18767     8615        0 |     41205
                                      0        6      102      444     1778    10507    19412        0 |     32249
                                      0        0        0        0        4       85      435        0 |       524

                    SUM             849    15248    24490    27954    32604    40687    31333        0 |    173165

