 <pre>

 Contingency table for Visibility (m)
 Selection: ALL    106 stations
Period: 20200629-20200705
Used {00,06,12,18} + 00 01 ... 36
 Limits    1000.00000       5000.00000       10000.0000       20000.0000    
 Each class is data <= limit, the very last > last limit
 Total number of values       82295
                                     OBSERVATION
                                    430      176      167      185      142 |      1100
                                    442     1054     2260     3964     4809 |     12529
                          aa11       86      225      511     1016     2322 |      4160
                                    139      483     1082     2859    10999 |     15562
                                     50      342      851     4490    43211 |     48944

                    SUM            1147     2280     4871    12514    61483 |     82295
                                     OBSERVATION
                                    421      180      162      182      139 |      1084
                                    453     1040     2231     3958     4814 |     12496
                          aa21       75      236      510      974     2357 |      4152
                                    143      492     1095     2906    10913 |     15549
                                     55      332      873     4494    43260 |     49014

                    SUM            1147     2280     4871    12514    61483 |     82295
                                     OBSERVATION
                                    416      174      161      178      140 |      1069
                                    462     1047     2234     3967     4799 |     12509
                          aa31       76      238      527     1002     2372 |      4215
                                    141      495     1082     2863    10894 |     15475
                                     52      326      867     4504    43278 |     49027

                    SUM            1147     2280     4871    12514    61483 |     82295

