 <pre>

 Contingency table for Cloud cover (octas)
 Selection: ALL     79 stations
Period: 20200629-20200705
Used {00,06,12,18} + 01 02 ... 36
 Limits   0.500000000       1.50000000       2.50000000       3.50000000       4.50000000       5.50000000       6.50000000       7.50000000    
 Each class is data <= limit, the very last > last limit
 Total number of values       54743
                                                       OBSERVATION
                                   3490      405      345      294      258      195      202      324      583 |      6096
                                    566      160      130      145      125      160      121      262      456 |      2125
                                    324       93       69       80       88       92      112      197      355 |      1410
                                    230       76       66       86       69       90      106      200      374 |      1297
                          aa11      226       87       35      110       81       95      122      204      472 |      1432
                                    218       86       48       88       82      123      118      249      440 |      1452
                                    207      101       62       95      109      127      132      326      646 |      1805
                                    301      118       91      139      131      211      189      484     1115 |      2779
                                    814      480      317      654      504     1070     1042     6276    25190 |     36347

                    SUM            6376     1606     1163     1691     1447     2163     2144     8522    29631 |     54743
                                                       OBSERVATION
                                   3461      405      354      289      252      197      191      314      615 |      6078
                                    571      148      125      153      125      131      128      278      427 |      2086
                                    329      104       70       91       78      104      114      201      368 |      1459
                                    208       80       62       80       83      100      104      201      330 |      1248
                          aa21      230       80       39      107       83      101      125      209      444 |      1418
                                    222       77       48       86       92      120      125      225      507 |      1502
                                    230       98       58      101      100      127      136      329      666 |      1845
                                    313      124       84      133      129      226      190      512     1110 |      2821
                                    812      490      323      651      505     1057     1031     6253    25164 |     36286

                    SUM            6376     1606     1163     1691     1447     2163     2144     8522    29631 |     54743
                                                       OBSERVATION
                                   3483      405      346      296      254      191      201      320      589 |      6085
                                    584      165      122      140      139      146      120      268      453 |      2137
                                    316       83       86       87       76      107      106      183      358 |      1402
                                    250       86       53       82       72       92      115      221      383 |      1354
                          aa31      186       77       51      109       87       99      122      203      417 |      1351
                                    209       78       47       85       89      114      129      232      539 |      1522
                                    218      110       59      108       94      131      135      350      627 |      1832
                                    309      130       88      133      137      211      175      478     1087 |      2748
                                    821      472      311      651      499     1072     1041     6267    25178 |     36312

                    SUM            6376     1606     1163     1691     1447     2163     2144     8522    29631 |     54743

